[10.7575719, 78.8164422, 9.78]
[10.7575645, 78.8160428, 9.99]
[10.7573632, 78.8158109, 10.0]
[10.7571529, 78.8159971, 10.01]
[10.7571456, 78.8164057, 9.98]
[10.7575719, 78.816442, 9.73]
[10.7575642, 78.8160422, 10.0]
[10.7575721, 78.8164423, 9.54]
[10.7575752, 78.8164399, 10.0]
[10.757362, 78.8158068, 9.98]
[10.7573644, 78.8158109, 10.0]
[10.7571441, 78.8163989, 9.99]
[10.7575704, 78.8164445, 9.77]
[10.7575655, 78.8160421, 9.98]
[10.7573641, 78.8158107, 10.02]
[10.7571535, 78.8159948, 9.99]
[10.7571439, 78.8164027, 9.99]
[10.7575729, 78.8164416, 9.52]
[10.7575752, 78.8164398, 9.98]
[10.7575736, 78.8164403, 9.98]
[10.7575738, 78.8164405, 9.63]
[10.7575651, 78.8160434, 9.97]
[10.7573631, 78.8158102, 10.01]
[10.757153, 78.8159964, 9.99]
[10.7571454, 78.8164042, 10.0]
[10.7575745, 78.8164424, 9.73]
[10.7575656, 78.8160424, 9.99]
[10.757365, 78.8158105, 10.01]
[10.757153, 78.8159947, 9.99]
[10.7571438, 78.8164031, 10.0]
[10.7575713, 78.8164433, 9.83]
[10.7575647, 78.8160439, 9.98]
[10.7573643, 78.8158108, 10.01]
[10.7571532, 78.8159937, 10.01]
[10.7571437, 78.8164014, 9.99]
[10.7575703, 78.8164437, 9.79]
[10.757564, 78.8160443, 9.99]
[10.7575654, 78.8160479, 10.02]
[10.7575648, 78.816047, 10.0]
[10.7571395, 78.8164071, 9.99]
[10.7575745, 78.8164408, 9.69]
[10.7575748, 78.8164403, 9.98]
[10.7573642, 78.8158096, 10.02]
[10.7575725, 78.8164422, 9.73]
[10.7575652, 78.8160456, 9.98]
[10.7573637, 78.8158108, 10.03]
[10.7571535, 78.8159953, 9.96]
[10.7571451, 78.8164029, 10.01]
[10.7575741, 78.8164399, 9.73]
[10.7575655, 78.8160457, 9.99]
[10.7573642, 78.815811, 10.01]
[10.7571542, 78.8159952, 9.99]
[10.7571454, 78.8164026, 9.99]
[10.7575759, 78.8164442, 9.7]
[10.757567, 78.8160454, 9.98]
[10.7573654, 78.8158108, 10.0]
[10.7571539, 78.8159935, 9.99]
[10.7571442, 78.8164012, 9.97]
[10.7575736, 78.8164415, 9.68]
[10.7575668, 78.8160458, 9.98]
[10.7573653, 78.8158105, 10.01]
[10.7571539, 78.8159946, 9.98]
[10.7571446, 78.8164028, 10.0]
[10.7575748, 78.8164446, 9.73]
[10.7575668, 78.8160454, 9.98]
[10.7573653, 78.8158109, 10.0]
[10.7571539, 78.8159931, 10.01]
[10.7571442, 78.816401, 9.99]
[10.7575705, 78.8164433, 9.75]
[10.7575658, 78.8160447, 9.98]
[10.757364, 78.8158112, 10.02]
[10.7571545, 78.8159957, 9.97]
[10.7571454, 78.8164031, 9.99]
